
! Data file for `tsp.mos'
! data rigged to demonstrate violated sub-tour

N_COUNTIES: 100
TOWN_NAMES: ["Bandon, Cork" "Buncrana Town, Donegal" "Dingle, Kerry" "Gorey, Wexford" "Dunboyne, Meath" "Ballynahinch, Down" "Carrick-on-Suir Town, Tipperary South" "Laytown-Bettystown-Mornington, Meath" "Westport, Mayo" "Kildare, Kildare" "Tuam, Galway" "Trim Town, Meath" "Monaghan Town, Monaghan" "Athy Town, Kildare" "Cavan Town, Cavan" "Ballinasloe Town, Galway" "Kilkeel, Newry and Mourne, Down" "Ashbourne, Meath" "Portrush, Coleraine, Antrim" "Nenagh Town, Tipperary North" "Donaghadee, Ards, Down" "New Ross Town, Wexford" "Youghal, Cork" "Carryduff, Castlereagh, Down" "Rush, Fingal" "Warrenpoint, Newry and Mourne, Down" "Thurles Town, Tipperary North" "Newcastle, Down" "Dungarvan Town, Waterford" "Longford Town, Longford" "Portstewart, Coleraine, Londonderry" "Midleton Town, Cork" "Tramore, Waterford" "Shannon, Clare" "Magherafelt, Londonderry" "Portmarnock, Fingal" "Ballyclare, Newtownabbey, Antrim" "Comber, Ards, Down" "Mallow Town, Cork" "Enniscorthy Town, Wexford" "Ballymoney, Antrim" "Skerries, Fingal" "Wicklow Town, Wicklow" "Ballina, Mayo" "Cobh Town, Cork" "Arklow Town, Wicklow" "Maynooth, Kildare" "Cahersiveen, Kerry" "Balbriggan, Fingal, Dublin" "Downpatrick, Down" "Cookstown, Tyrone" "Tullamore Town, Offaly" "Dungannon, Tyrone" "Carrigaline, Cork" "Castlebar Town, Mayo" "Greystones, Wicklow" "Holywood, North Down" "Limavady, Londonderry" "Strabane, Tyrone" "Enniskillen, Fermanagh" "Malahide, Fingal" "Armagh" "Banbridge, Down" "Leixlip, Kildare" "Letterkenny Town, Donegal" "Mullingar, Westmeath" "Athlone Town, Westmeath" "Celbridge, Kildare" "Clonmel Borough, Tipperary South" "Wexford Borough, Wexford" "Larne, Antrim" "Naas Town, Kildare" "Carlow Town, Carlow" "Navan (An Uaimh) Town, Meath" "Sligo Borough, Sligo" "Omagh, Tyrone" "Antrim" "Kilkenny Borough, Kilkenny" "Tralee Town, Kerry" "Ennis Town, Clare" "Coleraine, Londonderry" "Killarney Town, Kerry" "Swords, Fingal" "Carrickfergus, Antrim" "Newry Newry and Mourne, Armagh Down" "Newtownards, Down" "Ballymena Ballymenantrim" "Bray, Wicklow" "Drogheda Borough, Louth" "Dundalk Town, Louth" "Waterford City, Waterford" "Bangor, North Down" "Newtownabbey, Antrim" "Lisburn, Antrim Down" "Galway City, Galway" "Derry, Londonderry" "Limerick City, Limerick" "Cork City, Cork" "Belfast, Antrim Down" "Dublin, Dublin"]
DIST_MATRIX: [
0.0 385.8802 114.1185 195.04 239.9577 350.266 111.4531 273.6376 234.4258 199.3097 196.5437 239.398 301.8234 181.8117 265.403 178.9448 315.264 251.1235 406.6867 129.2081 385.3405 141.2469 64.5193 360.9272 265.6973 309.3512 121.1497 333.4145 84.9524 228.8265 404.6139 42.2534 117.3351 107.7319 362.6703 255.8016 374.5573 369.3452 43.8058 169.1697 397.1537 269.451 227.7508 264.6807 31.7596 209.876 231.8012 105.0589 268.5393 350.2652 347.6105 189.1603 333.4192 24.2554 237.2536 237.425 373.6708 373.7393 352.3838 297.6446 256.9776 320.6535 332.3164 234.6696 362.5551 218.6672 193.7043 230.5546 97.214 167.9123 395.6629 215.2799 171.6683 251.4465 281.5697 330.4733 370.2772 142.5585 88.5189 123.562 400.1173 63.7251 254.2194 382.5073 313.5692 375.0056 382.5886 239.5702 270.7802 294.5082 124.2873 381.5034 374.5573 353.5469 170.7564 373.0831 102.5255 23.3677 369.7133 243.8161
385.8802 0.0 380.7703 283.8292 201.1475 128.9511 309.9297 177.9505 199.1294 222.6234 201.8426 181.3044 103.4602 240.299 127.5849 207.037 151.4211 193.2101 51.1965 257.1071 134.3367 306.3507 354.5748 121.7866 199.6576 137.623 273.9261 143.3803 338.3162 158.0794 47.2387 361.183 331.229 284.8765 68.7309 208.6356 107.6676 127.35 342.3173 298.3183 60.1232 193.6917 256.6256 157.5859 369.3578 273.3569 202.9579 398.5482 188.7829 143.2668 71.3547 206.8241 82.5889 373.9323 185.0809 238.3327 117.0484 18.0627 34.3623 88.8116 205.5665 101.4356 115.9637 206.7331 26.7815 179.1461 192.8969 208.3544 309.7077 317.8726 108.5646 219.1276 257.8583 172.6546 115.85 60.6054 92.225 276.207 350.9093 273.364 50.2754 367.5714 203.2548 115.3468 128.4049 127.9844 80.7767 232.2039 173.1117 143.476 320.5438 125.9746 107.6676 114.4357 231.9829 18.1643 284.8815 366.3795 91.6466 213.1886
114.1185 380.7703 0.0 275.5506 291.5172 383.7838 194.926 320.0564 191.2928 252.8303 179.4803 281.1386 320.9158 240.751 282.3117 190.277 355.2783 300.9248 414.0417 161.24 418.6232 227.3141 166.463 392.122 319.5512 344.2673 177.153 371.3164 180.4587 241.7884 411.115 145.1897 212.3703 113.6509 377.985 312.2219 401.1614 401.7804 109.8088 253.8977 408.5409 321.4029 299.8806 231.4815 138.5831 287.2103 282.7528 21.664 318.5883 387.9747 362.7248 225.1276 350.7444 133.0958 201.3464 303.524 402.9748 373.1706 351.2454 300.9055 312.3436 343.3391 361.4403 287.8745 354.5494 249.5079 211.4331 283.8095 176.0683 259.5198 420.9134 270.8259 238.182 291.8519 265.4653 335.9367 392.6229 212.4991 41.0549 116.6508 408.2475 52.6261 308.4557 410.7721 345.5559 407.2949 401.1018 303.5676 314.9476 329.9835 215.1978 412.7904 401.1614 382.7135 149.5479 372.4049 125.2762 124.5553 391.9063 300.9152
195.04 283.8292 275.5506 0.0 83.5107 193.7099 84.3473 113.7151 248.0159 67.6956 194.6947 102.8013 180.4501 58.2105 162.3328 148.2143 155.3447 93.0913 280.82 129.6607 224.1679 53.9667 132.4943 206.0772 95.4163 158.9054 101.7444 173.2348 110.7812 153.6779 280.4172 153.1443 81.3873 173.7176 232.0181 84.0354 224.3626 211.4427 170.71 26.859 266.5179 101.3132 37.8219 247.9827 164.0505 16.2916 80.8871 278.7186 103.9031 187.6287 220.4809 104.3061 206.0117 171.5905 238.2182 54.5412 219.6517 266.6747 251.1282 205.3442 86.6791 187.585 185.9183 77.5769 270.4008 117.371 137.8636 75.5889 101.5509 39.349 244.4435 65.2907 46.5925 111.2207 229.0384 223.8117 227.1895 64.1021 234.8413 182.1795 274.0903 228.2865 86.8217 228.7337 166.8804 216.5275 243.3166 59.6354 115.7327 147.1173 72.0496 223.5719 224.3626 202.9538 196.301 266.338 157.4174 172.3077 226.9562 74.9405
239.9577 201.1475 291.5172 83.5107 0.0 115.6759 134.8314 34.5895 204.7678 40.8271 157.8277 25.3177 97.7201 58.3747 86.1747 116.5202 77.9015 11.4565 197.5431 130.2774 149.0926 117.9937 187.1696 127.6078 28.0596 77.4548 120.9216 96.4802 166.1981 93.4354 197.0472 202.5779 146.9181 178.2899 148.7242 22.8094 144.5858 134.452 204.1283 102.0141 183.5119 30.2149 56.5518 192.1919 213.1428 72.2165 8.766 300.5836 28.6052 112.67 136.9812 69.3619 122.5022 219.9131 191.4818 39.9407 141.1514 183.7466 169.171 127.6134 21.8498 104.1056 104.1589 6.2297 189.337 58.2498 97.0018 9.7467 144.0885 120.2794 165.3986 25.2152 71.6055 29.216 162.0723 141.8285 145.5499 99.3406 251.1543 179.1667 190.7852 253.6085 17.4339 150.3249 84.6777 139.9207 161.1936 34.2859 33.9924 64.4699 135.7455 146.8447 144.5858 122.8285 171.9994 183.4431 166.3937 216.7394 145.2415 16.24
350.266 128.9511 383.7838 193.7099 115.6759 0.0 249.6564 81.4757 244.9079 153.3757 217.2002 110.9482 71.4668 172.372 105.7779 193.7582 38.4217 104.3447 100.4222 228.4547 35.3258 233.5809 301.4698 12.4229 98.2999 40.965 229.1294 20.7549 281.0006 144.6189 101.7215 315.3282 262.5896 271.7427 60.2374 109.676 31.6776 19.1032 311.1528 215.7877 84.1758 92.4101 158.3233 213.8429 325.5349 179.2146 122.2927 396.5467 90.2317 14.3635 60.7354 163.2256 57.3781 331.9065 228.9882 139.836 25.9433 111.8831 111.2546 112.4381 107.071 49.239 24.8848 121.8116 133.0455 135.5209 172.384 125.3676 257.1654 232.6247 50.7751 140.5716 186.9907 98.8715 167.6332 93.685 40.4559 213.7299 345.9853 267.1337 94.8355 353.9637 107.3423 35.0364 38.2458 24.7491 56.9789 134.304 81.8898 55.8349 251.4203 31.4136 31.6776 14.5975 242.3497 112.0877 264.0612 327.5442 40.6751 119.4133
111.4531 309.9297 194.926 84.3473 134.8314 249.6564 0.0 169.3994 213.7403 96.4442 161.4689 140.4076 213.4227 77.3092 182.5127 121.7699 212.5269 146.2847 320.2251 77.8257 283.7081 32.4598 52.5677 261.2085 158.2509 209.7541 45.2154 231.0806 31.3767 155.3758 318.8551 70.4388 27.6539 106.3297 272.8579 147.6447 276.9606 268.6505 87.169 59.8869 308.3251 162.6946 116.3174 227.8117 81.3898 98.6463 127.5619 196.1472 162.7063 247.4466 258.8071 103.2314 243.9471 88.7458 208.807 126.6935 274.5523 294.9839 275.5766 222.2726 149.2099 228.2687 235.051 128.9836 290.5776 131.0488 124.6124 125.1005 19.0447 64.8895 298.0977 109.6179 63.4218 152.265 225.5466 250.1426 275.4471 36.04 155.1974 119.6262 313.417 145.5755 147.0471 283.6671 215.523 274.2046 289.6627 129.306 167.9225 195.4035 23.1717 281.0326 276.9606 255.2826 150.393 294.4559 89.3417 88.3857 275.0043 135.8213
273.6376 177.9505 320.0564 113.7151 34.5895 81.4757 169.3994 0.0 215.1317 74.3925 173.4117 39.2385 77.3341 92.6554 80.1548 137.2736 43.3955 23.1348 168.2649 159.4581 114.5367 152.1458 221.6867 93.5804 21.7216 45.2623 153.5996 61.9611 200.7708 101.8916 168.1763 236.8068 181.2433 206.4066 119.7798 31.2426 111.1467 100.084 236.8175 134.6404 153.4674 15.9184 80.8622 196.0439 247.3008 100.2732 42.0584 330.2887 10.8487 78.0807 109.7371 95.0078 96.1917 253.9851 200.5779 62.0367 107.1766 160.0408 148.2834 115.4857 28.223 77.1605 72.264 40.5758 169.8044 74.5925 116.0247 44.3353 178.3257 152.0224 131.6799 59.7865 106.1935 30.2969 159.3035 121.6086 113.4763 133.8175 280.2878 205.4017 161.6458 284.4652 27.0386 116.3458 53.5666 105.5039 129.6682 56.0106 7.5024 34.9025 170.0956 112.4626 111.1467 89.5268 191.9109 159.85 195.8325 250.5135 113.2477 38.7747
234.4258 199.1294 191.2928 248.0159 204.7678 244.9079 213.7403 215.1317 0.0 186.4804 53.8605 181.6664 173.4553 190.1947 142.3788 99.9287 231.2632 207.782 240.6945 135.9978 274.6773 231.8109 233.795 248.7602 227.4573 214.7503 168.7419 240.9523 228.2933 113.3515 237.183 228.2717 241.3843 128.3723 216.256 226.8656 250.4938 258.8005 193.5768 243.4104 239.5176 225.4754 247.3551 41.9545 231.8399 249.1353 198.3342 211.4388 220.2293 254.5128 202.6936 145.7215 195.2302 233.0322 15.9701 238.463 255.6126 195.669 175.0792 136.7231 225.0955 196.2433 220.0242 205.3579 172.3545 146.5337 111.9274 202.9653 201.4853 260.7479 266.3323 199.4117 202.0956 186.0471 85.8501 168.3604 237.6032 197.64 170.5639 111.6795 236.0403 193.6028 220.4743 261.1031 211.3529 263.3966 240.5252 234.6327 207.7743 204.6632 234.9423 266.8581 250.4938 237.9273 66.354 194.8663 139.0618 222.6707 236.7839 220.489
199.3097 222.6234 252.8303 67.6956 40.8271 153.3757 96.4442 74.3925 186.4804 0.0 135.0783 44.4738 121.2223 19.2526 97.0543 89.6119 116.7722 51.8376 226.7301 92.126 187.7419 84.7962 148.0962 164.8231 67.8895 113.3122 80.1626 135.2213 127.7164 86.1081 225.7026 162.5279 112.0185 140.5496 178.4966 59.5686 180.5341 172.4214 163.322 76.3052 213.9514 70.8548 61.0504 182.1252 172.9649 64.2438 32.502 261.0579 69.4172 151.8336 165.1398 40.9505 150.2367 179.6103 175.1723 55.3351 178.1315 206.2901 188.9014 139.954 59.9653 133.4588 138.7222 36.0039 206.7964 49.716 74.5531 31.8315 104.0994 96.1516 201.6609 18.0155 35.8674 56.0504 161.3547 162.0211 179.4012 60.4265 212.142 143.2766 219.9 213.4627 56.4437 187.2372 119.151 178.0075 194.0193 53.3818 72.0357 98.9783 100.8769 184.7823 180.5341 158.843 143.4088 205.8614 127.5685 176.1484 178.9869 48.0937
196.5437 201.8426 179.4803 194.6947 157.8277 217.2002 161.4689 173.4117 53.8605 135.0783 0.0 136.7719 148.2189 137.2473 111.4382 46.5018 196.7479 162.4921 234.8271 84.495 250.0489 178.2327 186.1636 223.3363 182.6968 181.9477 116.2627 209.3181 178.3525 73.9874 231.8238 183.6383 189.0088 89.0897 201.1209 180.5012 228.9911 233.392 153.4167 189.5606 230.038 181.6203 196.1246 69.5813 188.7259 196.5176 150.5971 196.7792 176.824 224.5651 186.1721 94.1352 175.5535 191.0779 47.3396 188.6961 232.3968 193.7223 171.78 122.1645 179.0917 171.5129 192.9284 157.5312 176.0068 100.3238 61.4031 154.6959 150.4859 206.9027 247.329 149.2898 148.533 143.253 88.318 157.0812 218.423 143.8871 149.2315 74.6074 229.1635 167.3578 174.4629 239.2294 180.5196 238.5371 224.9281 185.3668 166.4396 169.7312 182.0778 243.098 228.9911 212.998 30.1403 192.9599 95.2245 181.4339 217.6527 172.8413
239.398 181.3044 281.1386 102.8013 25.3177 110.9482 140.4076 39.2385 181.6664 44.4738 136.7719 0.0 78.3485 63.6787 61.6155 98.5198 76.4101 26.1156 182.605 121.0903 145.9456 128.9269 191.3724 121.9041 46.0249 70.1801 118.334 94.2018 171.4895 69.1168 181.6909 204.5177 156.4704 167.5043 134.1888 45.5424 136.8072 130.0481 200.9199 117.4711 169.6019 44.9053 80.4125 167.4167 214.6509 93.6766 22.9667 291.7578 40.3676 111.1316 121.0965 56.0138 106.2329 220.9773 167.9307 64.8782 134.9607 164.3967 148.3585 103.8657 43.5554 89.0992 94.7142 28.7076 167.6516 36.5379 77.6256 28.7624 146.5899 136.7908 157.9901 37.825 80.1536 12.0838 136.7586 121.0707 135.0742 104.3894 241.588 166.1947 175.7792 246.6206 38.9767 143.9727 75.2842 135.6973 149.5642 59.4226 33.8095 55.4681 145.3154 142.2851 136.8072 115.2642 153.5811 164.0249 157.4256 216.6157 134.6438 41.4712
301.8234 103.4602 320.9158 180.4501 97.7201 71.4668 213.4227 77.3341 173.4553 121.2223 148.2189 78.3485 0.0 139.7345 38.6477 131.4881 65.8845 90.1427 106.8676 173.9772 102.2554 205.9239 261.6776 75.7838 98.8195 48.0993 182.9303 70.0016 243.4407 79.1504 105.4346 271.6243 232.3202 212.1858 60.8599 106.7093 80.934 85.8804 259.9535 195.8017 95.7529 93.2361 153.5405 142.9837 280.8956 169.9113 99.5631 335.3498 87.8567 81.7268 45.9614 113.5682 31.5978 286.417 157.5282 135.5179 84.2007 86.2263 71.7352 44.2765 103.6641 23.3383 46.5832 103.2746 92.7155 83.9478 111.6977 104.9158 216.2079 215.1367 100.0744 116.1021 157.0067 69.2322 97.9071 44.5805 71.7279 178.1968 285.0566 205.0719 100.08 296.1831 100.909 91.0568 41.4405 90.7883 81.563 129.4124 71.4954 46.0544 221.3311 95.0152 80.934 65.1519 175.0585 85.8879 207.2795 280.3473 71.0218 110.2222
181.8117 240.299 240.751 58.2105 58.3747 172.372 77.3092 92.6554 190.1947 19.2526 137.2473 63.6787 139.7345 0.0 113.6651 90.7792 135.4658 69.7178 245.6402 82.4049 206.5677 66.2402 129.2034 183.8999 83.9955 132.4682 64.966 153.9775 108.6322 97.7411 244.5515 144.2094 92.9368 130.3959 197.5292 74.53 199.7375 191.3867 147.2328 61.0007 233.0033 87.6396 62.9717 189.9487 154.7683 59.4159 50.605 247.8057 86.8417 170.4803 184.0365 46.2529 169.1264 161.5506 180.1015 62.9901 197.2457 224.2273 206.3565 156.1389 75.4539 152.5399 157.9643 52.9053 223.6632 63.8077 79.6551 48.8249 85.7184 80.8457 220.8516 33.4704 17.6035 75.3014 173.2739 179.7178 198.6521 41.3617 199.7901 135.1556 238.8101 199.2855 72.4882 206.3639 138.3854 196.9543 213.2416 62.8171 90.7628 118.1902 81.8316 203.7618 199.7375 178.0314 141.5034 223.7767 116.1413 158.5358 198.2367 62.5885
265.403 127.5849 282.3117 162.3328 86.1747 105.7779 182.5127 80.1548 142.3788 97.0543 111.4382 61.6155 38.6477 113.6651 0.0 92.8906 88.9095 82.8038 141.3495 136.7154 138.8048 179.2329 228.4936 112.0521 98.2045 72.4433 148.4444 99.1083 211.3962 40.5238 139.3887 236.9026 203.6698 173.698 98.1309 102.4352 119.1071 122.0714 222.9812 173.3584 131.9063 94.1334 142.027 117.7072 245.7796 154.6097 84.5511 296.7026 88.3557 113.6319 82.8289 79.8261 69.4253 250.9818 126.827 126.1124 121.6727 112.4799 93.3102 43.0448 99.7415 61.1696 81.5198 90.231 109.9995 51.5648 73.4518 90.355 183.2219 193.2034 138.6106 97.2632 131.2653 57.986 79.1531 67.6523 110.3716 148.6241 246.4192 166.4261 134.7428 257.786 95.7842 128.9963 69.7223 127.2947 119.8696 120.4311 72.7494 62.549 193.0306 132.1015 119.1071 101.8899 137.2458 111.947 169.2396 244.4131 109.6678 101.6341
178.9448 207.037 190.277 148.2143 116.5202 193.7582 121.7699 137.2736 99.9287 89.6119 46.5018 98.5198 131.4881 90.7792 92.8906 0.0 167.2987 122.8421 230.9747 51.651 228.4301 134.5724 154.8718 201.8752 143.0945 154.9203 77.4208 182.2985 143.1942 52.7759 228.5492 157.2214 148.5979 80.966 190.4941 139.3137 211.0585 211.5771 135.2999 143.8819 223.1684 142.9783 150.4707 106.567 164.3532 150.1122 108.6033 204.0194 138.7816 198.6664 175.1333 49.0719 162.1966 168.2614 91.1942 144.2115 212.709 195.4095 173.8144 119.3639 138.2958 153.4184 171.1734 115.2904 183.6299 62.7966 21.7247 112.0485 114.0374 161.753 231.065 104.8599 102.1683 107.1832 106.591 153.2231 203.1303 99.6779 153.624 73.7959 224.6606 165.1694 133.7547 220.5645 155.6127 217.0693 212.6978 141.3439 130.9783 141.0839 140.5511 222.5203 211.0585 192.4369 55.482 194.729 78.2278 160.076 202.441 130.5033
315.264 151.4211 355.2783 155.3447 77.9015 38.4217 212.5269 43.3955 231.2632 116.7722 196.7479 76.4101 65.8845 135.4658 88.9095 167.2987 0.0 66.4747 132.3979 196.8302 71.2055 195.5042 264.6603 50.7444 59.9788 17.8235 194.4632 18.5788 243.9032 122.7606 132.97 279.2621 224.6331 242.0568 86.1878 71.3147 69.1927 56.7441 277.2822 177.3821 116.6726 54.0316 120.2957 205.2482 289.6374 140.9841 84.9675 366.8431 51.8268 35.0715 80.0998 131.2803 69.8359 296.1874 215.7362 101.68 64.3373 133.4345 126.756 110.0996 68.6767 52.7248 36.0638 83.9481 149.1883 105.8171 145.5767 87.6424 220.8672 194.2132 89.1002 103.018 149.4762 64.6572 162.3502 103.2326 74.0862 176.78 316.4247 239.0866 126.1578 322.5804 68.9256 73.4547 25.2675 62.1262 90.8718 96.0585 44.7372 27.0279 213.4886 69.1034 69.1927 48.2742 219.2316 133.4312 232.9892 292.3039 74.0215 80.9987
251.1235 193.2101 300.9248 93.0913 11.4565 104.3447 146.2847 23.1348 207.782 51.8376 162.4921 26.1156 90.1427 69.7178 82.8038 122.8421 66.4747 0.0 187.7337 139.7613 137.6537 129.2508 198.6094 116.3305 20.2966 66.5821 131.6929 85.0518 177.6526 95.0978 187.3614 213.9258 158.2518 187.4621 138.9411 19.9869 133.4876 123.0743 214.9447 112.6316 173.455 20.6121 63.4314 192.9579 224.4677 80.8477 19.3374 310.3968 17.8474 101.2154 127.6642 77.2029 113.4011 231.2096 194.0227 45.4325 129.8937 175.6153 161.8648 122.8078 17.6673 94.7324 93.4443 17.4814 182.5103 62.1777 102.5474 21.2008 155.4346 130.563 154.225 36.6668 83.0587 24.8605 160.5036 134.6178 134.8502 110.765 260.7473 187.6674 181.0104 263.8024 13.2629 139.0684 74.0999 128.5283 150.6707 39.3609 22.999 54.0967 147.0887 135.464 133.4876 111.7559 178.2369 175.3457 176.0263 227.9347 134.5646 20.0966
406.6867 51.1965 414.0417 280.82 197.5431 100.4222 320.2251 168.2649 240.6945 226.7301 234.8271 182.605 106.8676 245.6402 141.3495 230.9747 132.3979 187.7337 0.0 277.727 94.0863 311.4743 368.4666 89.9966 188.9434 123.4341 289.2588 119.1964 350.308 178.7278 3.9705 377.9189 338.5359 311.5022 48.8191 199.4089 71.6972 92.1809 364.0349 299.056 16.2823 182.7459 249.1238 200.4557 386.9671 268.2319 201.4618 430.5317 178.8333 113.4618 61.604 220.0012 76.5147 392.2666 225.6988 230.2896 80.8532 46.1564 65.6236 113.291 196.4319 93.7403 97.1044 203.6419 73.5376 190.5379 213.5871 206.1594 323.0032 317.7264 64.8348 219.2799 262.5877 171.9023 155.006 78.3335 59.9733 284.8407 381.3875 301.9325 6.8303 395.5552 195.1997 76.0539 114.7504 90.9167 43.6447 224.2751 165.3086 133.8623 327.4617 86.8661 71.6972 86.4682 264.5379 46.9436 308.9599 385.7623 59.7869 206.5171
129.2081 257.1071 161.24 129.6607 130.2774 228.4547 77.8257 159.4581 135.9978 92.126 84.495 121.0903 173.9772 82.4049 136.7154 51.651 196.8302 139.7613 277.727 0.0 263.7691 99.0842 103.8783 238.086 158.3153 187.7698 33.4278 213.8644 94.124 99.6246 275.5803 105.5785 105.4788 48.4307 234.5914 151.1613 249.8792 247.192 86.3106 116.5783 268.6216 160.1922 144.8161 152.7147 112.8676 136.9981 121.5134 170.8342 157.4879 230.7844 219.3813 65.5649 205.5092 117.0234 131.713 145.1247 250.1022 244.6306 223.393 168.594 151.1916 194.0029 208.2022 126.6974 234.3915 93.1619 64.5032 122.6584 65.9912 130.896 270.6669 110.1311 84.841 132.369 158.0158 201.2656 244.0536 68.1954 120.9913 53.121 271.2069 125.77 147.2529 258.5799 190.5241 252.8377 255.3797 144.356 154.7667 173.0212 99.5796 258.9159 249.8792 229.7043 72.9994 243.9824 36.3749 109.2726 243.4364 140.0391
385.3405 134.3367 418.6232 224.1679 149.0926 35.3258 283.7081 114.5367 274.6773 187.7419 250.0489 145.9456 102.2554 206.5677 138.8048 228.4301 71.2055 137.6537 94.0863 263.7691 0.0 266.4189 335.7694 26.7599 129.2521 76.232 264.239 52.6339 315.0824 178.4565 96.6149 350.0405 295.6491 306.8637 69.869 140.679 27.8454 16.8579 346.4107 247.3566 78.6705 123.7231 187.6314 241.3289 360.3208 209.0525 156.1478 431.6043 122.3515 36.7177 77.6029 198.5507 80.5761 366.7624 258.7073 169.706 19.8707 119.5909 125.2433 139.1571 138.3181 78.9586 57.4735 155.1122 144.9494 170.7888 207.1916 158.8368 291.7517 263.4173 30.1434 174.2233 220.68 133.8942 194.1019 114.1409 43.8634 247.9119 381.0423 301.9833 90.2996 389.2396 139.1888 18.99 73.3798 11.513 53.6714 164.5392 115.8091 91.0966 284.5291 8.76 27.8454 37.1121 275.9752 120.015 299.3353 362.552 44.6112 151.2134
141.2469 306.3507 227.3141 53.9667 117.9937 233.5809 32.4598 152.1458 231.8109 84.7962 178.2327 128.9269 205.9239 66.2402 179.2329 134.5724 195.5042 129.2508 311.4743 99.0842 266.4189 0.0 78.5694 245.5798 137.9705 195.2111 65.9732 214.0266 56.8161 158.3731 310.481 99.2331 29.4861 134.78 263.1157 126.7772 262.5135 252.2274 119.532 28.0029 298.5187 143.0838 88.9754 240.8563 110.1185 69.3849 112.03 228.5859 144.0846 229.7488 249.903 104.3667 235.0065 117.6703 225.0141 101.9997 259.1361 290.4044 272.2975 221.1316 128.7947 218.0217 221.5616 111.814 289.1147 128.2391 132.194 108.3925 51.2525 33.4857 283.3795 93.6258 48.9366 140.0099 232.2715 245.8147 262.7557 35.0206 187.4259 146.5624 304.6454 178.0174 127.4267 268.3104 201.9448 257.6304 277.872 105.6024 151.9675 181.6023 18.8082 264.6013 262.5135 240.7418 171.7353 289.9461 117.728 118.7157 262.3935 115.5495
64.5193 354.5748 166.463 132.4943 187.1696 301.4698 52.5677 221.6867 233.795 148.0962 186.1636 191.3724 261.6776 129.2034 228.4936 154.8718 264.6603 198.6094 368.4666 103.8783 335.7694 78.5694 0.0 312.8635 210.8182 261.2406 80.7108 283.1798 21.9205 197.098 366.8693 22.7363 52.9498 109.3224 321.9274 200.2015 328.1776 320.5175 58.8325 106.0355 357.2479 215.2429 167.0386 255.5057 32.7597 147.9319 179.7247 162.572 215.1853 299.6515 307.4928 148.7519 292.7591 40.2929 232.2342 178.5902 326.1081 340.5257 320.2858 265.9277 201.7769 277.8883 286.0608 181.3867 333.6332 177.976 163.4378 177.4606 45.4699 103.5027 349.357 161.9605 115.9492 203.3698 261.4543 295.9116 325.9643 87.8864 131.2504 125.8602 361.7049 113.9679 199.6056 335.1817 266.6561 326.1016 339.7093 181.4711 219.9662 246.7177 60.6632 332.878 328.1776 306.5991 167.4948 339.9492 95.5139 44.2616 325.4877 188.3872
360.9272 121.7866 392.122 206.0772 127.6078 12.4229 261.2085 93.5804 248.7602 164.8231 223.3363 121.9041 75.7838 183.8999 112.0521 201.8752 50.7444 116.3305 89.9966 238.086 26.7599 245.5798 312.8635 0.0 110.6784 51.726 239.7809 33.1648 292.5238 151.713 91.5647 326.4168 274.5162 280.6437 53.3951 122.042 19.5726 10.0976 321.4285 228.0363 73.7152 104.7669 170.7435 216.2667 336.5522 191.6181 134.0494 405.2824 102.4996 23.5118 56.8434 173.1617 56.606 342.8512 232.7972 152.2469 13.6088 105.3099 106.9344 114.1901 119.4192 52.6034 30.7561 133.7708 128.1055 144.9555 180.7211 137.2671 268.381 244.9555 38.3746 152.3846 198.7438 109.8225 169.4034 91.997 30.6038 225.2329 354.7272 275.5072 84.7231 363.3225 119.6245 22.7675 47.6111 15.2649 46.3519 146.7027 93.7109 66.4811 263.3367 20.8363 19.5726 10.9083 249.2154 105.589 273.4366 338.309 30.9905 131.6887
265.6973 199.6576 319.5512 95.4163 28.0596 98.2999 158.2509 21.7216 227.4573 67.8895 182.6968 46.0249 98.8195 83.9955 98.2045 143.0945 59.9788 20.2966 188.9434 158.3153 129.2521 137.9705 210.8182 110.6784 0.0 65.5157 147.9619 77.8298 189.393 114.3921 188.9978 227.3366 167.4071 206.3495 140.7306 11.4364 129.1257 116.0894 230.946 118.1044 173.8782 6.198 60.6254 211.3686 238.0571 81.0259 36.812 328.4846 10.9709 92.5621 131.1363 96.9715 117.7681 245.0073 213.4962 41.8516 124.243 181.7359 169.9612 135.7179 9.1759 98.7248 92.2118 31.941 191.4135 82.3738 122.844 36.0986 169.0284 134.4315 149.0514 50.6782 94.954 42.1594 177.0345 143.2122 132.8836 123.7182 279.1477 207.1221 182.392 281.2636 11.517 133.3185 74.2532 121.2384 149.3724 36.1137 27.417 56.4089 156.423 128.28 129.1257 107.9191 198.5105 181.5498 194.3897 242.3808 132.7187 22.5233
309.3512 137.623 344.2673 158.9054 77.4548 40.965 209.7541 45.2623 214.7503 113.3122 181.9477 70.1801 48.0993 132.4682 72.4433 154.9203 17.8235 66.5821 123.4341 187.7698 76.232 195.2111 261.2406 51.726 65.5157 0.0 188.2048 27.525 241.0231 108.1408 123.5343 274.6908 223.8452 231.6737 75.4228 76.1178 67.3893 60.0056 270.192 179.2063 108.39 59.3177 125.883 187.894 284.8306 145.5295 83.2145 356.5592 55.5682 43.7606 67.0109 122.401 55.1114 291.1435 199.1162 107.038 64.8692 119.561 111.1988 92.2848 73.1838 36.8145 27.014 83.6831 133.5367 95.1538 133.3078 86.8953 216.6752 196.9664 88.4262 101.6278 147.7006 58.0976 144.6392 86.7215 68.3428 173.7377 306.0229 227.7107 116.9003 313.4169 72.2961 73.9447 9.2291 65.6704 84.4195 101.0861 43.5831 14.8702 212.6466 72.1592 67.3893 45.6255 205.4652 119.4869 223.5454 286.671 68.0852 83.9943
121.1497 273.9261 177.153 101.7444 120.9216 229.1294 45.2154 153.5996 168.7419 80.1626 116.2627 118.334 182.9303 64.966 148.4444 77.4208 194.4632 131.6929 289.2588 33.4278 264.239 65.9732 80.7108 239.7809 147.9619 188.2048 0.0 212.4781 66.3522 116.4085 287.4951 88.6989 72.7551 72.0571 243.657 139.0921 253.583 248.2032 83.257 85.4406 278.6807 151.016 122.7859 182.8365 98.0412 111.4101 112.4172 183.2119 149.4344 229.3746 228.8911 69.3621 214.3631 103.8026 163.5983 126.799 252.5536 260.0533 239.6663 185.2334 139.7795 200.5856 211.309 116.1538 252.9329 99.0069 83.1573 111.9815 37.0073 98.3956 274.7248 97.3913 61.0541 130.357 182.8854 215.5688 249.7893 37.8259 136.0983 81.7754 282.5518 134.3568 136.4701 261.4156 192.4616 253.8649 262.6365 127.3123 150.2598 173.3592 66.302 260.3544 253.583 232.4723 106.4241 259.4655 55.676 98.6059 249.2515 127.2549
333.4145 143.3803 371.3164 173.2348 96.4802 20.7549 231.0806 61.9611 240.9523 135.2213 209.3181 94.2018 70.0016 153.9775 99.1083 182.2985 18.5788 85.0518 119.1964 213.8644 52.6339 214.0266 283.1798 33.1648 77.8298 27.525 212.4781 0.0 262.456 135.6009 120.1786 297.6536 243.1813 258.4431 75.6735 89.2423 52.3429 38.3393 295.1069 195.6376 103.1031 72.0297 137.643 212.5634 307.9953 158.6158 103.5188 383.3237 70.1612 16.9573 72.6171 148.316 65.2894 314.5073 225.2025 119.2119 46.5786 125.7284 121.9945 113.7394 86.7027 51.5534 28.6324 102.5231 144.3181 121.8971 160.6477 106.2212 239.2941 212.2493 71.4409 121.5933 168.0529 82.2783 167.9084 101.0332 59.5283 195.3079 332.8262 254.8528 113.2923 339.6272 87.1881 55.5695 29.6083 43.6375 76.3541 113.7343 63.2173 41.3387 232.0419 50.6447 52.3429 32.9194 232.987 125.83 249.8673 310.5096 59.6089 99.2612
84.9524 338.3162 180.4587 110.7812 166.1981 281.0006 31.3767 200.7708 228.2933 127.7164 178.3525 171.4895 243.4407 108.6322 211.3962 143.1942 243.9032 177.6526 350.308 94.124 315.0824 56.8161 21.9205 292.5238 189.393 241.0231 66.3522 262.456 0.0 181.9424 348.8372 42.7143 33.0067 109.275 303.2743 178.6827 308.1687 300.0042 70.706 84.4885 338.6957 193.9209 145.1243 246.835 53.476 126.1124 158.9375 178.5624 194.016 278.8222 289.0515 131.6113 274.237 61.0566 225.2871 156.7208 305.8473 323.7965 303.9613 250.0491 180.3177 258.8897 266.1884 160.3355 318.1471 160.2844 149.3859 156.4641 29.3453 83.2842 329.3206 140.9866 94.7222 183.4021 249.1765 279.0217 306.4303 67.2924 143.0572 124.881 343.5171 128.7288 178.2487 314.9535 246.6936 305.5628 320.4779 159.6607 199.2918 226.6223 39.3452 312.3838 308.1687 286.5148 162.679 323.2444 93.6381 63.1569 305.9755 166.9195
228.8265 158.0794 241.7884 153.6779 93.4354 144.6189 155.3758 101.8916 113.3515 86.1081 73.9874 69.1168 79.1504 97.7411 40.5238 52.7759 122.7606 95.0978 178.7278 99.6246 178.4565 158.3731 197.098 151.713 114.3921 108.1408 116.4085 135.6009 181.9424 0.0 176.4266 203.1062 179.3038 133.7417 137.7193 114.6552 159.5272 161.633 185.7092 158.5594 170.5235 112.1919 142.6096 98.9656 211.3128 149.878 88.1542 256.2411 106.899 151.1615 122.3582 54.0085 109.5142 215.9936 99.1308 130.3968 161.8146 145.1013 124.071 69.2833 112.6555 101.616 120.9864 95.0726 136.5384 37.4426 35.1223 93.4052 152.8539 178.2682 179.1291 93.8063 114.2967 72.7162 75.5685 101.6723 150.8777 124.7543 206.0181 125.9896 172.3249 217.9415 108.0897 169.3181 107.2095 166.9777 160.0261 125.7354 94.5976 95.7458 169.442 172.04 159.5272 141.8116 97.7441 144.4647 130.2715 208.696 150.1695 109.5932
404.6139 47.2387 411.115 280.4172 197.0472 101.7215 318.8551 168.1763 237.183 225.7026 231.8238 181.6909 105.4346 244.5515 139.3887 228.5492 132.97 187.3614 3.9705 275.5803 96.6149 310.481 366.8693 91.5647 188.9978 123.5343 287.4951 120.1786 348.8372 176.4266 0.0 376.1218 337.4024 308.9735 48.4535 199.3667 73.5886 94.1289 361.8763 298.3835 18.1194 182.8032 249.0339 196.8496 385.1123 267.9795 200.8105 427.696 178.798 114.9616 60.5951 218.2985 75.4774 390.3627 222.2328 230.213 82.8439 42.3573 62.1061 110.5132 196.3753 93.0584 97.4403 203.1198 69.6238 188.9011 211.353 205.5729 321.4165 317.1401 67.652 218.5389 261.569 171.1139 151.5512 75.6433 61.283 283.5584 378.6361 299.2673 6.8929 392.9783 195.0528 78.3766 114.7512 93.0685 45.293 224.1787 165.0567 133.63 326.3482 89.2297 73.5886 87.6062 261.5867 43.1484 306.6023 383.7803 61.0468 206.2847
42.2534 361.183 145.1897 153.1443 202.5779 315.3282 70.4388 236.8068 228.2717 162.5279 183.6383 204.5177 271.6243 144.2094 236.9026 157.2214 279.2621 213.9258 377.9189 105.5785 350.0405 99.2331 22.7363 326.4168 227.3366 274.6908 88.6989 297.6536 42.7143 203.1062 376.1218 0.0 75.1481 100.6507 332.3229 217.0549 341.0161 334.4278 41.305 127.0768 367.3764 231.4402 186.585 253.2037 10.9643 168.2044 194.7529 140.3941 230.9637 314.3326 317.5838 158.0572 303.0355 18.4495 228.2489 197.0937 339.4646 347.8607 327.107 272.3753 218.4326 289.0213 298.7473 197.0171 339.2294 187.6876 168.4809 192.9814 58.4912 125.7095 362.2037 177.5253 132.513 216.5965 263.2876 303.6497 337.8971 103.6186 111.5625 117.5404 371.2218 92.5655 215.9608 348.4504 279.5819 340.0563 351.0561 199.5814 234.5403 259.9785 82.0588 346.72 341.0161 319.6424 162.0941 347.2503 89.3483 21.5935 337.3817 205.1205
117.3351 331.229 212.3703 81.3873 146.9181 262.5896 27.6539 181.2433 241.3843 112.0185 189.0088 156.4704 232.3202 92.9368 203.6698 148.5979 224.6331 158.2518 338.5359 105.4788 295.6491 29.4861 52.9498 274.5162 167.4071 223.8452 72.7551 243.1813 33.0067 179.3038 337.4024 75.1481 0.0 131.8538 290.4657 156.2378 291.218 281.3144 102.6221 54.5372 325.9379 172.4736 117.7157 254.9349 85.6137 97.3778 140.6405 211.2112 173.3689 259.0096 276.9336 125.9509 262.0227 93.1822 236.3383 131.33 288.0436 315.7251 296.9797 244.6267 158.2314 245.4632 249.9809 140.7788 312.9169 152.1587 150.0336 137.2492 43.0648 50.5784 312.1634 122.2347 76.4164 167.8571 251.0691 270.941 291.0205 55.1338 174.0779 145.9121 331.7065 161.1168 156.796 297.2142 230.3527 286.7467 305.8987 135.0337 180.8198 210.0248 11.2005 293.6992 291.218 269.4434 177.9685 315.2343 115.0981 96.0222 290.6357 144.9588
107.7319 284.8765 113.6509 173.7176 178.2899 271.7427 106.3297 206.4066 128.3723 140.5496 89.0897 167.5043 212.1858 130.3959 173.698 80.966 242.0568 187.4621 311.5022 48.4307 306.8637 134.78 109.3224 280.6437 206.3495 231.6737 72.0571 258.4431 109.275 133.7417 308.9735 100.6507 131.8538 0.0 271.4577 199.4481 290.9434 290.0933 65.4369 156.9568 304.0345 207.9984 192.1455 156.9654 103.5696 182.7082 169.5417 124.8904 205.0593 275.2231 256.0973 111.4905 243.0882 104.6643 129.9204 193.3089 292.04 274.4506 252.5882 198.9639 199.4049 233.709 250.1946 174.8994 260.2305 136.5615 100.6286 170.8945 88.812 168.1746 311.2577 158.5492 131.0684 178.3007 175.7844 233.4093 283.6447 109.8801 74.3859 16.8925 305.2697 84.212 195.3977 300.1705 233.517 295.678 293.5647 192.6861 201.3137 217.1893 129.4903 301.4407 290.9434 271.6487 63.2226 273.7396 17.0688 94.364 282.9721 188.4096
362.6703 68.7309 377.985 232.0181 148.7242 60.2374 272.8579 119.7798 216.256 178.4966 201.1209 134.1888 60.8599 197.5292 98.1309 190.4941 86.1878 138.9411 48.8191 234.5914 69.869 263.1157 321.9274 53.3951 140.7306 75.4228 243.657 75.6735 303.2743 137.7193 48.4535 332.3229 290.4657 271.4577 0.0 150.9958 42.0279 59.9309 320.697 250.2933 35.4924 134.5438 200.6211 179.3366 341.6674 219.5267 152.6988 393.2994 130.4402 74.5388 15.3614 174.3102 29.3008 347.2347 200.4898 181.8105 50.7317 51.9348 55.3816 80.271 147.9939 45.1086 50.1507 154.8252 75.4114 144.6515 171.5622 157.3603 276.4769 268.9208 51.5078 170.5886 214.3055 123.2926 131.7197 48.3862 26.0156 237.2241 343.3568 263.3414 42.0727 355.6465 146.6189 51.6417 66.4967 61.5422 24.2851 175.7653 116.6032 85.1788 279.3499 61.1196 42.0279 45.7054 229.7362 52.2018 267.3655 341.2052 25.2592 157.8314
255.8016 208.6356 312.2219 84.0354 22.8094 109.676 147.6447 31.2426 226.8656 59.5686 180.5012 45.5424 106.7093 74.53 102.4352 139.3137 71.3147 19.9869 199.4089 151.1613 140.679 126.7772 200.2015 122.042 11.4364 76.1178 139.0921 89.2423 178.6827 114.6552 199.3667 217.0549 156.2378 199.4481 150.9958 0.0 140.4047 127.516 221.7513 106.6798 184.4948 17.2894 49.7653 212.8158 227.8238 69.8027 30.8865 320.6251 20.5759 103.9941 140.9429 91.8556 127.2764 234.8389 213.3258 30.9206 135.617 190.8067 178.2769 141.6386 3.069 108.2747 102.9843 24.7208 199.4227 80.5712 119.7891 28.5999 158.8928 123.009 160.4098 41.7854 84.5483 44.7033 180.4347 151.2757 143.8722 113.4936 271.6211 200.9992 192.8122 272.9335 6.7269 144.7035 84.6601 132.6719 160.2772 25.0076 35.5262 66.1109 145.2908 139.7132 140.4047 119.1167 194.7886 190.5914 186.949 232.4558 143.6884 11.9882
374.5573 107.6676 401.1614 224.3626 144.5858 31.6776 276.9606 111.1467 250.4938 180.5341 228.9911 136.8072 80.934 199.7375 119.1071 211.0585 69.1927 133.4876 71.6972 249.8792 27.8454 262.5135 328.1776 19.5726 129.1257 67.3893 253.583 52.3429 308.1687 159.5272 73.5886 341.0161 291.218 290.9434 42.0279 140.4047 0.0 20.5603 334.3068 245.7868 55.5132 123.1173 189.4809 215.8817 350.9817 210.1508 150.5778 415.0426 120.512 42.7478 50.3569 185.7965 55.2765 357.1138 234.5443 170.8714 9.4699 92.3167 97.3982 114.0309 137.7009 57.9381 42.2874 150.7972 117.2248 156.8599 190.4185 154.1303 283.3404 263.034 21.1919 168.9865 215.0875 124.8129 168.3788 87.0665 16.045 240.9238 364.5745 284.8534 66.8654 374.3255 137.6416 10.6376 61.5235 20.3318 28.4545 165.2297 110.5946 81.5578 280.0209 19.0921 0.0 21.7752 255.9913 92.7044 284.6444 352.1859 16.7785 149.6557
369.3452 127.35 401.7804 211.4427 134.452 19.1032 268.6505 100.084 258.8005 172.4214 233.392 130.0481 85.8804 191.3867 122.0714 211.5771 56.7441 123.0743 92.1809 247.192 16.8579 252.2274 320.5175 10.0976 116.0894 60.0056 248.2032 38.3393 300.0042 161.633 94.1289 334.4278 281.3144 290.0933 59.9309 127.516 20.5603 0.0 330.1446 233.975 76.0371 110.3382 175.5269 226.1247 344.6376 196.6745 141.2062 414.8058 108.4912 24.7129 65.0921 182.083 66.0213 351.0095 242.8355 157.2519 11.3602 111.4388 114.5354 123.9936 125.0083 62.6868 40.6477 140.5548 135.2466 154.1393 190.3516 144.1678 276.253 250.5204 34.5186 159.4362 205.883 117.9701 179.1592 100.896 35.1333 232.7479 364.245 285.1443 87.4195 372.5789 125.5273 18.5569 56.6934 5.6676 49.0084 151.867 100.7912 74.8674 270.1579 12.3954 20.5603 20.8747 259.1912 111.7727 282.6772 346.6361 35.7035 137.6005
43.8058 342.3173 109.8088 170.71 204.1283 311.1528 87.169 236.8175 193.5768 163.322 153.4167 200.9199 259.9535 147.2328 222.9812 135.2999 277.2822 214.9447 364.0349 86.3106 346.4107 119.532 58.8325 321.4285 230.946 270.192 83.257 295.1069 70.706 185.7092 361.8763 41.305 102.6221 65.4369 320.697 221.7513 334.3068 330.1446 0.0 147.0306 354.8788 234.1591 199.5454 222.1067 40.4268 184.0088 195.6568 109.1866 232.6703 312.0463 305.5352 148.5114 291.5345 39.9454 195.3489 206.7073 333.8968 330.381 308.9375 254.2654 222.5951 279.4211 292.2288 199.2594 318.8513 177.6385 150.6215 195.0912 69.1725 150.6795 355.299 180.2766 139.8191 212.8319 237.8393 287.3778 329.3096 111.3843 72.7366 81.9208 357.5174 58.719 219.4335 342.5961 273.8632 335.8121 341.1292 208.0376 233.3354 255.3224 105.9973 342.1528 334.3068 313.6184 128.6384 329.7167 58.8115 29.2416 328.7193 209.8205
169.1697 298.3183 253.8977 26.859 102.0141 215.7877 59.8869 134.6404 243.4104 76.3052 189.5606 117.4711 195.8017 61.0007 173.3584 143.8819 177.3821 112.6316 299.056 116.5783 247.3566 28.0029 106.0355 228.0363 118.1044 179.2063 85.4406 195.6376 84.4885 158.5594 298.3835 127.0768 54.5372 156.9568 250.2933 106.6798 245.7868 233.975 147.0306 0.0 285.323 123.693 63.88 247.9198 137.923 42.9679 97.5958 255.851 125.5571 210.6619 237.933 105.722 223.1925 145.4908 235.0605 79.0636 241.6451 281.6675 264.8511 216.2244 109.0554 205.3349 206.0681 95.8091 283.0431 124.6456 137.3038 93.0161 78.1326 19.9022 266.2658 79.938 44.3346 127.3935 233.9691 237.7931 247.475 48.3836 213.6319 167.2119 292.2618 205.285 108.4643 250.7927 186.6579 239.2105 263.202 83.5021 135.6279 166.4831 45.4117 246.242 245.7868 224.1447 187.1017 281.2726 140.1297 146.7047 247.1831 96.3887
397.1537 60.1232 408.5409 266.5179 183.5119 84.1758 308.3251 153.4674 239.5176 213.9514 230.038 169.6019 95.7529 233.0033 131.9063 223.1684 116.6726 173.455 16.2823 268.6216 78.6705 298.5187 357.2479 73.7152 173.8782 108.39 278.6807 103.1031 338.6957 170.5235 18.1194 367.3764 325.9379 304.0345 35.4924 184.4948 55.5132 76.0371 354.8788 285.323 0.0 167.6818 234.2549 200.2699 376.6248 253.6439 187.7748 424.5095 163.9287 97.1796 49.8005 209.3195 64.4901 382.1001 224.1751 215.4098 64.7386 50.3579 66.1378 107.875 181.5453 80.5041 81.7566 189.6596 78.5774 179.6989 204.9771 192.3171 311.7854 303.7894 50.1734 205.7803 249.7416 158.6005 153.6903 73.0293 43.7465 272.711 374.9545 295.1483 11.6292 388.2302 180.4747 60.3064 99.9021 74.9502 27.3641 209.4341 150.822 119.4028 314.8164 71.1736 55.5132 70.3002 259.3717 51.0523 300.709 375.8931 43.5834 191.9392
269.451 193.6917 321.4029 101.3132 30.2149 92.4101 162.6946 15.9184 225.4754 70.8548 181.6203 44.9053 93.2361 87.6396 94.1334 142.9783 54.0316 20.6121 182.7459 160.1922 123.7231 143.0838 215.2429 104.7669 6.198 59.3177 151.016 72.0297 193.9209 112.1919 182.8032 231.4402 172.4736 207.9984 134.5438 17.2894 123.1173 110.3382 234.1591 123.693 167.6818 0.0 66.7777 208.3835 242.1127 87.0642 38.918 330.6906 5.7854 87.0084 125.0086 97.7969 111.7009 249.0028 211.3128 47.9805 118.3478 175.7509 164.1846 130.8259 14.6731 92.6565 86.023 34.9106 185.7223 81.4432 122.3823 39.0734 173.0389 140.2322 143.1306 54.176 99.2972 39.5118 173.1724 137.5269 126.7346 127.8545 281.1504 208.2795 176.1956 283.8175 15.7154 127.4429 68.0615 115.5345 143.2053 42.1891 22.1972 50.3416 161.4441 122.5709 123.1173 101.8522 198.2574 175.5719 196.4021 246.1685 126.5649 27.5533
227.7508 256.6256 299.8806 37.8219 56.5518 158.3233 116.3174 80.8622 247.3551 61.0504 196.1246 80.4125 153.5405 62.9717 142.027 150.4707 120.2957 63.4314 249.1238 144.8161 187.6314 88.9754 167.0386 170.7435 60.6254 125.883 122.7859 137.643 145.1243 142.6096 249.0339 186.585 117.7157 192.1455 200.6211 49.7653 189.4809 175.5269 199.5454 63.88 234.2549 66.7777 0.0 240.9245 197.5493 21.7699 57.521 305.1079 70.3263 151.3465 190.2011 102.0009 176.2489 204.9744 235.715 18.8454 184.2195 238.9932 225.2301 184.0017 52.7102 157.3602 152.7346 51.8831 245.6819 105.1895 135.4702 51.72 131.5232 76.9194 209.08 48.9075 61.7346 85.7658 215.4055 197.9426 193.5085 88.4003 258.8343 197.8287 242.5079 255.313 54.0476 193.2002 134.3929 180.4538 209.9788 24.8559 84.3078 115.5253 107.6789 187.4863 189.4809 168.4422 203.4005 238.7328 177.0742 204.6003 193.3416 43.449
